           1   1.0000000000000000        1.0000000000000000     
           2  0.41337287108702864       0.82674574217405727     
           3  0.38422185578576085        1.1526655673572825     
           4  0.36472659304346050        1.4589063721738420     
           5  0.20816500666657256        1.0408250333328628     
           6  0.19968666387408171        1.1981199832444902     
           7  0.19377284816037815        1.3564099371226470     
           8  0.18915572050168331        1.5132457640134664     
           2  0.39852394715978662       0.79704789431957324     
           2  0.41419592113505610       0.82839184227011220     
           2  0.30184453266772970       0.60368906533545941     
           2  0.41098393506367853       0.82196787012735706     
           4   1.5130416211895283E-002   6.0521664847581133E-002
           4  0.17670432906059449       0.70681731624237798     
           4  0.28176693303033701        1.1270677321213480     
           4  0.26730276116675777        1.0692110446670311     
           4  0.39495572480664376        1.5798228992265750     
           4  0.39680826959682364        1.5872330783872945     
           4   9.8533325322330053E-003   3.9413330128932021E-002
           4   9.0692561380234359E-003   3.6277024552093744E-002
           4   4.6210100590829660E-003   1.8484040236331864E-002
           4   1.3532546761736886        5.4130187046947542     
           2   1.2920816257254566        2.5841632514509132     
           2   2.8631796285566482        5.7263592571132964     
           2   2.8133296516808057        5.6266593033616115     
           2   5.4282520857830194        10.856504171566039     
           2   4.1009333793710319        8.2018667587420637     
           2   4.1736548635627830        8.3473097271255661     
           2   4.4258681857375821        8.8517363714751642     
           2   4.9526643557118009        9.9053287114236017     
           2   5.3626509775139297        10.725301955027859     
           2   5.6256640098546695        11.251328019709339     
           2   5.8416924688937568        11.683384937787514     
           2   6.1710261080662541        12.342052216132508     
           2   6.5262793469851967        13.052558693970393     
           2   5.9212026222449214        11.842405244489843     
           2   5.9139660520439685        11.827932104087937     
           2   12.731205094768132        25.462410189536264     
           2   13.393284665744757        26.786569331489513     
           2   14.926029088981318        29.852058177962636     
           2   13.448338983945638        26.896677967891275     
           2   12.155028870647445        24.310057741294891     
           2   11.746295118408128        23.492590236816255     
           2   10.995799210112631        21.991598420225262     
           2   10.425585156445594        20.851170312891188     
           2   9.2119190772862289        18.423838154572458     
           2   8.0227457454490700        16.045491490898140     
           2   4.0740186614380551        8.1480373228761103     
           2   4.4478757998574432        8.8957515997148864     
           2   3.7172650588190188        7.4345301176380376     
           2  0.17517822121487645       0.35035644242975289     
           2  0.20130451430609916       0.40260902861219833     
           2  0.22492236760823472       0.44984473521646945     
           2  0.23600351227264121       0.47200702454528243     
           2  0.24932959365625285       0.49865918731250569     
           2  0.25773908470232354       0.51547816940464708     
           4  0.12299980834789589       0.49199923339158358     
           2  0.26683953310964165       0.53367906621928329     
           2  0.27744323468483695       0.55488646936967390     
           2  0.27562029631313500       0.55124059262627001     
           2  0.25402893461159698       0.50805786922319396     
           2   8.9658914546651829        17.931782909330366     
           2   8.5596522592487005        17.119304518497401     
           2   6.0478677946185257        12.095735589237051     
           2   8.8252093991426204        17.650418798285241     
           2   7.6213290964574920        15.242658192914984     
           2   279.71644930048427        559.43289860096854     
           2   1.4079038769235968        2.8158077538471935     
           2  0.68430073844684913        1.3686014768936983     
           2  0.70446434665002045        1.4089286933000409     
           2   1.4710714761363670        2.9421429522727340     
           2  0.95875320727774904        1.9175064145554981     
           2   1.2388714795465066        2.4777429590930131     
           2   1.2551213196001398        2.5102426392002797     
           2   1.0399025833875815        2.0798051667751629     
           2   1.1844216374337722        2.3688432748675443     
           2   1.2395550252164385        2.4791100504328769     
           2  0.49980426485987561       0.99960852971975123     
           2   1.3343416451764920        2.6686832903529840     
           2   11.608219747948155        23.216439495896310     
           2   2.7029731750380375        5.4059463500760749     
           2   3.9949071924527959        7.9898143849055918     
           4   1.8476189483208827        7.3904757932835308     
           8  0.40368300870011903        3.2294640696009522     
           1   1.0000000000000000        1.0000000000000000     
           2   8.2878617730705855E-003   1.6575723546141171E-002
           2   2.0912220262979508E-002   4.1824440525959017E-002
           2   1.0976744814890792E-003   2.1953489629781583E-003
           2  0.24839644492324267       0.49679288984648534     
           2   1.2914811022126406E-003   2.5829622044252812E-003
           2   8.5195959278626767E-004   1.7039191855725353E-003
           2   8.6948104997851923E-004   1.7389620999570385E-003
           2   7.3440931992927447E-004   1.4688186398585489E-003
           2   1.2080116866567295E-003   2.4160233733134589E-003
           2   1.3669680327232847E-003   2.7339360654465693E-003
           2   7.4091902313624676E-004   1.4818380462724935E-003
           2   5.2618103331316941E-004   1.0523620666263388E-003
           2   1.8573760070171297E-003   3.7147520140342594E-003
           2   1.7486227701635603E-003   3.4972455403271207E-003
           2   1.8236342409185548E-003   3.6472684818371097E-003
           2   1.8265796740675356E-003   3.6531593481350711E-003
           2   1.7967076987678899E-003   3.5934153975357799E-003
           2   1.8575999551418783E-003   3.7151999102837566E-003
           2   1.7675343463903692E-003   3.5350686927807383E-003
           2   1.8582072480285430E-003   3.7164144960570859E-003
           2   1.8014685890332101E-003   3.6029371780664202E-003
           2   1.8141164973192816E-003   3.6282329946385633E-003
           2   1.7928273934732450E-003   3.5856547869464899E-003
           2   1.5853229787372665E-003   3.1706459574745330E-003
           4   5.9570936637859178E-004   2.3828374655143671E-003
           4   1.2093829373262749E-003   4.8375317493050997E-003
           4   1.2838684355071983E-003   5.1354737420287932E-003
           4   1.3247989383741970E-003   5.2991957534967880E-003
           4   1.3104747309867924E-003   5.2418989239471697E-003
           4   1.3252308513405516E-003   5.3009234053622064E-003
           4   1.3372319839766373E-003   5.3489279359065492E-003
           4   1.3727744303438497E-003   5.4910977213753990E-003
           4   1.4010847928414632E-003   5.6043391713658528E-003
           4   1.4480343901327145E-003   5.7921375605308580E-003
           4   8.6128378130122165E-004   3.4451351252048866E-003
           4   1.8909716605579538E-003   7.5638866422318152E-003
           4   3.9067563824813790E-003   1.5627025529925516E-002
           4   2.2851444317793556E-003   9.1405777271174223E-003
           4   1.3659255090824535E-003   5.4637020363298141E-003
           4   1.1577158046951566E-003   4.6308632187806262E-003
           4   1.0433609887880594E-003   4.1734439551522375E-003
           4   9.8118357634133799E-004   3.9247343053653520E-003
           4   9.3843867053222121E-004   3.7537546821288848E-003
           4   9.1024512230675095E-004   3.6409804892270038E-003
           4   8.9894469627544078E-004   3.5957787851017631E-003
           4   8.8144323638710042E-004   3.5257729455484017E-003
           4   8.7356097010012003E-004   3.4942438804004801E-003
           4   8.7891260881801708E-004   3.5156504352720683E-003
           4   8.7854504747324875E-004   3.5141801898929950E-003
           4   8.7941174135191559E-004   3.5176469654076624E-003
           4   5.6827871246392301E-004   2.2731148498556920E-003
           4   5.8293986996084618E-004   2.3317594798433847E-003
           4   4.3377445819990635E-004   1.7350978327996254E-003
           4   3.5464316834401627E-004   1.4185726733760651E-003
           4   1.9614191296088821E-003   7.8456765184355282E-003
           4   1.5985366488622237E-003   6.3941465954488949E-003
           4   2.1326739292333420E-003   8.5306957169333682E-003
           4   2.1887802843466851E-003   8.7551211373867403E-003
           1   1.0000000000000000        1.0000000000000000     
           1   1.0000000000000000        1.0000000000000000     
           1   1.0000000000000000        1.0000000000000000     
           8   1.6539126360378686E-003   1.3231301088302949E-002
           8   1.6995648726109321E-003   1.3596518980887456E-002
           8   1.6917734428643974E-003   1.3534187542915179E-002
           1   1.0000000000000000        1.0000000000000000     
           1   1.0000000000000000        1.0000000000000000     
           1   1.0000000000000000        1.0000000000000000     
           1   1.0000000000000000        1.0000000000000000     
           1   1.0000000000000000        1.0000000000000000     
           1   1.0000000000000000        1.0000000000000000     
           1   1.0000000000000000        1.0000000000000000     
           1   1.0000000000000000        1.0000000000000000     
           1   1.0000000000000000        1.0000000000000000     
           1   1.0000000000000000        1.0000000000000000     
           2   6.6614927889479232E-003   1.3322985577895846E-002
           2   6.6671076115647071E-003   1.3334215223129414E-002
           2   6.6642174785180534E-003   1.3328434957036107E-002
           2   6.6677054140313356E-003   1.3335410828062671E-002
           2   6.6615921283992487E-003   1.3323184256798497E-002
           2   6.6643576697591701E-003   1.3328715339518340E-002
           2   6.5629310712524069E-003   1.3125862142504814E-002
           2   6.5486877049607470E-003   1.3097375409921494E-002
           2   6.6165083765223065E-003   1.3233016753044613E-002
           2   6.6641581135939510E-003   1.3328316227187902E-002
           3   5.6829029307936402E-003   1.7048708792380921E-002
           3   5.7159476947876292E-003   1.7147843084362888E-002
           3   5.7167299675283311E-003   1.7150189902584993E-002
           3   5.7055427924840342E-003   1.7116628377452103E-002
           3   5.7355181008743403E-003   1.7206554302623023E-002
           3   5.5996521511948198E-003   1.6798956453584458E-002
           3   5.5053728433537017E-003   1.6516118530061106E-002
           3   5.7240847876284928E-003   1.7172254362885477E-002
           3   5.7285001114885130E-003   1.7185500334465538E-002
           3   5.7065330397467282E-003   1.7119599119240186E-002
           4   4.9711990218913897E-003   1.9884796087565559E-002
           4   4.9901006458791764E-003   1.9960402583516706E-002
           4   4.9743961956747636E-003   1.9897584782699054E-002
           4   4.9704055427998040E-003   1.9881622171199216E-002
           4   4.9967569725471173E-003   1.9987027890188469E-002
           4   4.9874208047587694E-003   1.9949683219035078E-002
           4   4.9909822637366017E-003   1.9963929054946407E-002
           4   4.9942820686712762E-003   1.9977128274685105E-002
           4   5.0076663837909799E-003   2.0030665535163920E-002
           4   4.9637223705283808E-003   1.9854889482113523E-002
           5   2.1675222828942786E-003   1.0837611414471392E-002
           5   2.3526184545439679E-003   1.1763092272719839E-002
           1   1.0000000000000000        1.0000000000000000     
           1   1.0000000000000000        1.0000000000000000     
           1   1.0000000000000000        1.0000000000000000     
           1   1.0000000000000000        1.0000000000000000     
           1   1.0000000000000000        1.0000000000000000     
           1   1.0000000000000000        1.0000000000000000     
           1   1.0000000000000000        1.0000000000000000     
           1   1.0000000000000000        1.0000000000000000     
           1   1.0000000000000000        1.0000000000000000     
           1   1.0000000000000000        1.0000000000000000     
           1   1.0000000000000000        1.0000000000000000     
           1   1.0000000000000000        1.0000000000000000     
           1   1.0000000000000000        1.0000000000000000     
           1   1.0000000000000000        1.0000000000000000     
           1   1.0000000000000000        1.0000000000000000     
           1   1.0000000000000000        1.0000000000000000     
           1   1.0000000000000000        1.0000000000000000     
           1   1.0000000000000000        1.0000000000000000     
           1   1.0000000000000000        1.0000000000000000     
           1   1.0000000000000000        1.0000000000000000     
           2   6.6449497160501582E-003   1.3289899432100316E-002
           2   6.6612731435478755E-003   1.3322546287095751E-002
           2   6.6443716228074979E-003   1.3288743245614996E-002
           2   6.6546720323659775E-003   1.3309344064731955E-002
           2   6.6302014141624505E-003   1.3260402828324901E-002
           2   6.6624804138542340E-003   1.3324960827708468E-002
           2   6.6646197950076614E-003   1.3329239590015323E-002
           2   6.6609275741047278E-003   1.3321855148209456E-002
           2   6.6629693146116973E-003   1.3325938629223395E-002
           2   6.6642337742901349E-003   1.3328467548580270E-002
           3   5.7013939069498077E-003   1.7104181720849421E-002
           3   5.7263023064775612E-003   1.7178906919432683E-002
           3   5.3699587797350666E-003   1.6109876339205201E-002
           3   4.7150612014713478E-003   1.4145183604414044E-002
           3   4.9824720479990344E-003   1.4947416143997102E-002
           3   4.9176825801321494E-003   1.4753047740396449E-002
           3   4.7134593181850093E-003   1.4140377954555030E-002
           3   5.3638175580564690E-003   1.6091452674169407E-002
           3   5.1598667600043181E-003   1.5479600280012955E-002
           3   4.5081937271420928E-003   1.3524581181426278E-002
           4   3.6740429128771157E-003   1.4696171651508463E-002
           4   3.9359594218311648E-003   1.5743837687324659E-002
           4   4.0950471429551513E-003   1.6380188571820605E-002
           4   3.6580419707371351E-003   1.4632167882948540E-002
           4   4.8560999822790342E-003   1.9424399929116137E-002
           4   4.6071446400840184E-003   1.8428578560336074E-002
           4   4.8211368790422766E-003   1.9284547516169107E-002
           4   4.7829767489981460E-003   1.9131906995992584E-002
           4   4.1922723635727365E-003   1.6769089454290946E-002
           4   4.5129728320604618E-003   1.8051891328241847E-002
           5   2.1947054359211346E-003   1.0973527179605674E-002
           5   2.2120661868442319E-003   1.1060330934221159E-002
           5   2.3594146889264148E-003   1.1797073444632074E-002
           5   2.1892889841278887E-003   1.0946444920639443E-002
           5   2.2144514237161083E-003   1.1072257118580543E-002
           5   2.3279724949637915E-003   1.1639862474818959E-002
           5   2.2087005871705076E-003   1.1043502935852538E-002
           5   2.3473959380610485E-003   1.1736979690305242E-002
           5   2.2332043120275907E-003   1.1166021560137953E-002
           5   2.1533813731724450E-003   1.0766906865862224E-002
           6   1.9693408909788341E-003   1.1816045345873005E-002
           6   1.9804668410201296E-003   1.1882801046120776E-002
           6   2.0054453195469152E-003   1.2032671917281490E-002
           6   2.0313413407094536E-003   1.2188048044256721E-002
           6   1.9898172028654753E-003   1.1938903217192853E-002
           2   6.6328507075823677E-003   1.3265701415164735E-002
           2   6.6381691514862048E-003   1.3276338302972410E-002
           2   6.6268538248386438E-003   1.3253707649677288E-002
           2   6.4022662304479673E-003   1.2804532460895935E-002
           2   6.5304203800007803E-003   1.3060840760001561E-002
           2   6.5288081977191914E-003   1.3057616395438383E-002
           2   6.5188907079711143E-003   1.3037781415942229E-002
           2   6.5044750255184138E-003   1.3008950051036828E-002
           2   6.4445070023667773E-003   1.2889014004733555E-002
           2   6.3994848711740248E-003   1.2798969742348050E-002
           2   6.4703113847640360E-003   1.2940622769528072E-002
           2   1.1795240288814656E-002   2.3590480577629313E-002
           2   1.1679744919889453E-002   2.3359489839778907E-002
           2   1.1625738067300872E-002   2.3251476134601743E-002
           2   1.1666252182587643E-002   2.3332504365175286E-002
           2   1.1638682856006718E-002   2.3277365712013436E-002
           2   1.1653038008762464E-002   2.3306076017524928E-002
           2   1.1654606008667917E-002   2.3309212017335833E-002
           2   1.1774963317131529E-002   2.3549926634263058E-002
           2   1.1890787898900457E-002   2.3781575797800915E-002
           2   1.2238272149177705E-002   2.4476544298355409E-002
           4   9.2600943330110354E-003   3.7040377332044142E-002
           4   9.1711588821483479E-003   3.6684635528593391E-002
           4   8.6982280389740988E-003   3.4792912155896395E-002
           4   8.7826929286236189E-003   3.5130771714494476E-002
           4   8.5466693126694630E-003   3.4186677250677852E-002
           4   8.7961316083571758E-003   3.5184526433428703E-002
           4   8.8762986109305036E-003   3.5505194443722014E-002
           4   8.6189116844977830E-003   3.4475646737991132E-002
           4   8.4256610942891521E-003   3.3702644377156608E-002
           4   8.9020209263921315E-003   3.5608083705568526E-002
           4   4.8090344337165464E-003   1.9236137734866186E-002
           4   4.8344375094127737E-003   1.9337750037651095E-002
           4   4.8436967428322486E-003   1.9374786971328994E-002
           4   4.6733289133941694E-003   1.8693315653576677E-002
           4   4.6910372263252930E-003   1.8764148905301172E-002
           4   4.7295408236245808E-003   1.8918163294498323E-002
           4   2.5154906131446496E-003   1.0061962452578599E-002
           4   2.5924516082750319E-003   1.0369806433100127E-002
           4   4.7064416232204869E-003   1.8825766492881948E-002
           4   4.7733211249839707E-003   1.9093284499935883E-002
           4   4.8811733076181826E-003   1.9524693230472730E-002
           4   4.9700256547310874E-003   1.9880102618924349E-002
           4   4.0040500201406213E-003   1.6016200080562485E-002
           4   2.5758677707864996E-003   1.0303471083145999E-002
           4   2.5926115753920095E-003   1.0370446301568038E-002
           4   2.7023220727221166E-003   1.0809288290888466E-002
           4   2.5801495568066797E-003   1.0320598227226719E-002
           4   2.6202133131410666E-003   1.0480853252564266E-002
           4   2.5672786721831265E-003   1.0269114688732506E-002
           4   2.5683744379761076E-003   1.0273497751904431E-002
           4   2.5324906181076069E-003   1.0129962472430427E-002
           4   2.6491213636355517E-003   1.0596485454542207E-002
           4   2.6902199728473073E-003   1.0760879891389229E-002
